function v = U_DATA ()
  v = [150  , 2 ;
       200  , 3 ;
       300  , 4 ;
       500  , 5 ;
       1000 , 6 ;
       2000 , 7 ]
#       10^9 , 8000 ]
endfunction
